resourceId,resourceName,resourceType,observationText,observationType,observationPhase,observationTime,observationTimeUnits,doi
a8f48ce7-438c-4564-a70b-020abc96d5fe,hTERT NF1 ipNF00.6,['Cell Line'],"The ipNF00.6 cell line became laminin- and neuregulin-independent, unlike some other immortalized NF1 lines like ipNF05.5 which grew more robustly with those factors.",['Cell culture properties'],,,,https://doi.org/10.1038/labinvest.2016.88
a8f48ce7-438c-4564-a70b-020abc96d5fe,hTERT NF1 ipNF00.6,['Cell Line'],"Semi-quantitative RT-PCR verified expression of both the hTERT and Cdk4 transgenes in the ipNF00.6 cell line at multiple passage numbers, indicating stable integration.",['Molecular biology'],,,,https://doi.org/10.1038/labinvest.2016.88
a8f48ce7-438c-4564-a70b-020abc96d5fe,hTERT NF1 ipNF00.6,['Cell Line'],The ipNF00.6 cell line slowed in proliferation rate at passage 27 but still had 4 lentiviral copies of the transgenes present with relatively equal expression at passages 8 and 27.,"['Cell culture properties', 'Molecular biology']",,,,https://doi.org/10.1038/labinvest.2016.88
