resourceId,resourceName,resourceType,observationText,observationType,observationPhase,observationTime,observationTimeUnits,doi
cebfdef3-2323-48d9-bfbb-aa704338eabe,SK-N-AS,['Cell Line'],The SK-N-AS cell line was confirmed to be aneuploid by 24-chromosome fluorescence in situ hybridization analysis.,['Cytogenetics'],,,,https://doi.org/10.1371/journal.pone.0172140
cebfdef3-2323-48d9-bfbb-aa704338eabe,SK-N-AS,['Cell Line'],"The oxaliplatin-resistant sub-line SK-N-ASrOXALI4000 derived from SK-N-AS showed increased expression of DDR2 and EPHA10 compared to the parental SK-N-AS line, suggesting these changes may be a consequence of continuous oxaliplatin exposure rather than an inherent resistance mechanism.","['Gene expression', 'Drug resistance']",,,,https://doi.org/10.1371/journal.pone.0172140
cebfdef3-2323-48d9-bfbb-aa704338eabe,SK-N-AS,['Cell Line'],"The SK-N-ASrOXALI4000 sub-line showed increased sensitivity to ultraviolet C radiation compared to the parental SK-N-AS line, as measured by MTT assay and colony formation assays.","['Radiation sensitivity', 'Cell viability']",,,,https://doi.org/10.1371/journal.pone.0172140
cebfdef3-2323-48d9-bfbb-aa704338eabe,SK-N-AS,['Cell Line'],"CRISPR/Cas9 knockout of the RET gene in SK-N-AS cells led to reduced cell proliferation, a more spread and mesenchymal morphology, and the appearance of multinucleated cells after several passages compared to the parental line.","['Cell proliferation', 'Cell morphology', 'Multinucleation']",,,,https://doi.org/10.3390/cancers13081909
cebfdef3-2323-48d9-bfbb-aa704338eabe,SK-N-AS,['Cell Line'],The SK-N-AS cell line harbors a constitutively active F1174L mutation in the ALK gene and is highly sensitive to pharmacological ALK inhibitors like NVP-TAE684 and crizotinib.,"['Genomics', 'Drug response']",,,,https://doi.org/10.1371/journal.pgen.1003958
cebfdef3-2323-48d9-bfbb-aa704338eabe,SK-N-AS,['Cell Line'],"Knockdown of the NF1 gene in SK-N-AS cells increased resistance to the ALK inhibitors NVP-TAE684 and crizotinib, suggesting NF1 negatively regulates mitogenic ALK/RAS signaling in this cell line.","['Gene knockdown', 'Drug response', 'Signaling pathway']",,,,https://doi.org/10.1371/journal.pgen.1003958
cebfdef3-2323-48d9-bfbb-aa704338eabe,SK-N-AS,['Cell Line'],The SK-N-AS neuroblastoma cell line was found to be highly sensitive to the CDK7/9 inhibitor SNS-032 in vitro.,['Drug response'],,,,https://doi.org/10.1593/tlo.13544
cebfdef3-2323-48d9-bfbb-aa704338eabe,SK-N-AS,['Cell Line'],"The SK-N-AS cell line was found to be highly sensitive to the ALK inhibitor TAE684, with an IC50 value of 3 nM.",['Drug response'],,,,https://doi.org/10.1038/nature07261
